00000100000111000000010101100001000000100001011000010100000110010001100000010011000111010110111100010001000111110001011000000110000001100110100000001111000110110000001000001111000110100111011100001011000010110000101000011111000001000001010000011001000010000111100100001000000101000001010000010011000011000001010100010100011011110001010100011101000111010000111100000111011000010000110000000010000100100001110101101101000000100001000100001101000110100000101100001100000100110001111000001101000001000110100000011111
00000100000000110001100000010101011011000001001000001100000010010000100000000000000100010001101101110101000101010000100100011101011101000000100100001010000000100000000000001111000101100001101001101010000111000000011000001011011011010001000100010101000011010000110000010110000101010001100000010110000111000001100101111001000111100001011000010001000000000001001100011010000000000110000100001110000110010001101000011110000000100000011000010000000100010001110000010000000001010110101100000111000111110000010000000110
00010011000010100001110001100001000011010000011100010000000110000000010000000001000100110000011001110101000000110001001100011101011101000001100100010011000000100000001000001011000000100001011000000111011011110001010100000000000000010001001000001010000101010001100000010010000001000001010001100010000010100001110100001101011011110000011000010001000001000001010101110011000101000001010101101101000101110001100000000100000101100001000000000101000110010110100000000100000110110000001000010010000001010000100100000100
01100001000010100000001000010101011011000000110100011100000110010001100000010111011100000000111000011001000110010000101100011100000101010000010101100110000001010000010000010111000001100000001000001011000000100110001100001100000000100000100100001001000001000001101000010010000001000000110100010111000010110111010000011101000000000000111100010111000000110000001100011110011000010000001000000010000110000000011100001000000001000001000100000001000000000001110100010111011101110001100000000110000101000110100000000111
00000100000111100000010000000100011011000001010100010110000001000001100000000010000001000000111000000001000101010001011101101001000101010000010000001111000110100000010000011011000110100111011100000100000010100001001000011010000010000110011100001011000101000001000000010101000100000000110000000011000101000111010000011000000000100000011000001100011100010000001000011100000011010000111000011111000100110111010000011100000100100000010000000001000001100000100100010001011101110001110100001100000111000001110100011001
00010101000011100000010100000100000000010110001100011000000001010000100000000110011100000001111000000000000110010000100100011000000000010000100100001011011010110001111100001111000110100000011000011111000011100000111001101111000110110000100000010110000101000000100100010010000000000000110100000111000101000111010000001010000010100000011101111000000100000000101100010110000101010110000100000000000101110001001100000011000001100000100001100100000101010000010000001100000001100001111000000010000111010110100000000100
00000000000010000001111100000000000000010110001100001111000001110000000100000111000000000001101100010100000001000001111100000100011101000000100100001011000011100000010101111010000001100000001000000011000111000001001000011010000011000000101001111010000011110001011000001000011000010000100000010111000100000000011100001000000110100000001000010101011100010000010100011100000011110001001000001000000101010000000000001000000100110001000000010110011101000000110100001100000000100001100001100011000111100000110100011000
00010100000010100111000100010111000010010000111100010000000111000110110100011100000101010001111000000000000101010111101000000111000110110000011001100110000010000001111000010100000001000001001000001001000110110000011000011011000110000001010101111010000011110001110000010111000101000001110001100010000110000001000000010000000111110000101000001011000100100000111101110011000100000001010000001100000100110000011000001100000100110110010100010100000110110001101000010111000110000110101100010000000101010000110001101001
00010111000010100001110100001000000110000110001100001000000111010000010000000011000001010000011000010100011100000000111000001100000110010001100000001001000110010001000001111010000001000001001000001110011011110000011100000000000000010000100000001000000001000111100100010101000010000000110101100010000111000001110100001100000111000110001100010110000101000001011100000110000001000110000100011100000000110001110100011110000101100001000000000101000110010110100000000000000001000001111101100011000101010001101100011101
01100001000000010001111000001111011011000001010100010110000001000001100000000010000001000000111000000001000101010001011101101001000100010000000100010011000110000111000100011111000000110001111000000100000011000000101000001011000110000000100100001110011000010000111100000011000011010001000000010110011110010000010100001100000001100001001000001101000110000000011101110011000100100000010000001001011101100001000000000010000010110000101000010110011101000001101100001100000000110110101100000111000111110000010000000110
00010011011011110000010100000100000000010001001100010110000110100000110001110010000101010000011000000000000000110111101000011010000111010001110001100110000111010001010000010110000111100000001101101010000011000000110000000001000111100000001000011001000101010001110000010010000101000000101101100010000111010001101100010101000000000001000100011101011100010001001000010110000011000001000100000010000001000001010101101101000000110000101000001000000110110001101000000000011101110001111000010111011100000001100000000110
00010011000111010001111001100001000000000000001000011011000001110001111100010111011100000000011000000101000000110000111100000100011101000000100100000010000000100000000100010011000001000001010000000011011011110000011100000000000000010000100000001000011000010001110000010010000010000001011100000001000100000001000000001100000000010001011101111000000100000000001000011010000100010000100000011110000101010001110101101101000001100000100000000001000000000110100000001001000101100000100100001100000000100000110101101001
00001111000010100000000000010100000010010110001100011101000001110000000100011101000000100000101001110101000100010001011100001100000000000110100000000011000000100000010000001001011101110001111000011010000111000001011000000010011011010000010000010101000011110000101000000011000000100000110100000111000011010000000100001011011011110000110100001101000111000001011100000110000000000000110001101101000100110000000000000100000010010000011000001101000100000001110100001011000000110110101100000111000111110000010000000110
00010011011011110000000000010100000011010000011000001011000010010001100101110010000100010000001000010000000001000111101000001101000110110000010000001001000110010001010001111010000001100000001000000011000111000001001000011010000011000000101001111010000100000000110000001111000100000000110000001011000110000111010000001100000110110110001100001011000110000001001001110011000100000001010000000100000001110000000100000100000001100110010100001010000000010000010100010100000000100000101000001110011100000000000100011001
00010010000110100001110001100001000011010000011100010000000110000000010000000001000100110000011001110101000000010000111100000000000001010001110100001111000010100111000100001110000100100001101000011010000000000001000100001110011011010001011100010101000100110000101100001001011000010001110000001011000011000000011101111001000010100001011100010001000111110000010100011010000001010001010000000011000000100111010000011110000011100001000101100100000110100000011100001011011101110001111100000110000111010001100000000110
00010011000011100111000100010010000001010001011101111001000001000000110000010000000111110001110100010000011100000001101100000101000111010001100100010011000010100001110001111010000001000001111000011110011011110000110100011010000000000001011000001111000000000001010001100110000100000000110000001011000010000000000100010000000011100110001100011011000111100000100000000000000001000000001000011001000100110000000000011000000101010110010100010010000100010000010000001100000000110110101100000111000111110000010000000110
00010011011011110001001000001110000000100001000000011100000010110001100100010111000001000001101000000111011100000000110000000110000110000001110100010110000111110001000000001110000100100001101001101010000001100001001100011100000110000000101001111010000011000001011000000010000010000111100100000011000101010001110100001000000110100000001000010101011100010000101100010010000001100000111100001100000110110111010000011100000100100000010000000001000001100000100100010001011101110000010100000110000000010001110100001100
01100001000111100000010000000000000010010001000100011000000111000110110100011100000101010001111000000000000101010111101000001000000110000000000100010111000111100001000000010111011101110001011000000111000010100001011101101111000111100000001000011110011000010001101000001001000011110000101000000111000110100000000000011100000110110001011000001010011100010001000000010110000011010000100000011001011101100001000100011110000100110110010100001010000110110000011001100101000101100000011100001010000000010001110100001000
00001100011011110000001000000100000010000110001100011100000000010001100000000001011100000000111000011000000101010000111001101001000101110000011100001000000110000001010000011001000000110001001000011110000110100001000101101111000011000000101000011111000101010111100100010011000101010111100100010011000011000001110100001000000110100000101000011001011100010001011100000110000010000001001000011100000000110001010100000000011001110000101100000001000001010001110100000000011101110000101000001111000110010001100100011100
00000000000000100111000100000101000000110000111100010110000110100000100000011111011100000000101100011010000111000001010100011011000100010000010101100110000111110001010000010111000001110001100000011000000011100110001100000001000010000001011000001111000001000111100100001000000001000000100000010111000111000111010000011101000000000000111100010111000000110000001100011110011000010001000100000010000001000000011000000010011001110000110000010100000001110001110100001000011101110000010100001100000111100110100000011111
00001110000000110000010000010001000110000000001000001101000011010000000001110010000001000000101000011000000000000001010100011011000101010110100000000010000001000001110100010101000001010001001000000111011011110000011000011100000110010110011100011011000011010001000000010111000101000001100000001111011110010001010100011101000001100001001100010001000000100000010100011010011000010000010100000010000110100001101100011111000000100110010100010100000110110001101000010111000110000110101100010101000111110000010000011100
00010001000110110001000000010101000010010000111001111001000010010000000100011011000000010001101000010100000111010111101000000000000001000001101100010011000001100111000100010100000000100001101000011011000110100000001000000010011011010000001000001001000101010111100100001000000001000000100000010111000111000111010000001101000010100000111000001000000111100001010000010010011000010000110000001100000100010001101000001100000010100110010100010101000000010000000100010110000001100001111000000010000111010110100000000111
00001110000000010111000100000101000000110000111100010110000110100000100001110010000101010001110000000001011100000001111000000110000110000000011100010100000011100001110001111010000001100000001000001011000010100001000100001110000110010110011100010011000100010000101000010011000011000111100100001111000110000001001100010111000011100000111001111000000111110000001100000010000101000000010001101101000001110000000100000100000101100001000000001101000101010110100000000100000100110000001000010011000110010001101100001010
00001000011011110001111100010100000000010001001000001100000010010000000001110010000101010000011000000000000000110111101000011010000100010000110001100110000010100001110000011111000000110111011100001011000000100000011000011011011011010000011000010110000010000000100000010011000000000001010001100010000011110001000100010101000001100001011101111000000000010000100100000001000100110000111001101101000001110000000100001100000000100001011100000101000000000110100000010110000100100000111101100011000101010000000100011100
00010010011011110000000100001110000111100001000100010110011010000000100100011101000111000000000000000111000101010111101000000111000000010000010100010111000111100001000000010111011101110001100100011111000000100001001000011010000011000000101001111010000001000000101000010010011000010000110000010110011110010001000000010110000000110000110000001010011100010000001100000111000010000000111100001110000111110001000000011000000010010001000101100100000110010000011100000001000111100110101100010000000101010000110001101001
00000101000000000001110100001110000111100000011000010100011010000000001100010111000000010001101000010000011100000001010000001100000001010001110100000011011010110001110100011011000101010001100000011000000010100110001100011100000010000000001101111010000011000001100000000001000011110001100000001111011110010000001000011100000000110000101000001100011100010000001000011100000011010000111000011111011101100001100000001100000001010000101000010110000100010110100000000000000001000001111101100011000111000000100100001011
00001110000111010001010001100001000011010000111000011100000111000110110100000010000111110001110100000111000111110111101000000000000001000001101100010011000001100111000100001100000110000001101100011111000111110001011100001110000110010000001000010111011000010000110100000011000011000000100100001101000010110001010101111001000000100000110000011100000110000110011000010000000011100000111100011110000100110001011100011001000000100001000100010001000001100110100000000000000000110000001000001101000100110000000100001101
00010100000000010000010101100001000111010001011000010000000110110001110000000111000100010000001001110101000111010001010100001101000111010110100000010000000011100001110100010011000000110111011100001110000000000000111100000000000111110110011100011011000001010001000000010110000010000000101000000001000100000111010000001111000000000000111100001101000000010001001000010010000101010000010000000000011101100000011100000100000100110110010100000000000110110000010000001010000001010000111000001110011100000001100100011100
00000000000010100000001100000000000110000110001100011101000001110000000100011101000000100000101001110101000001100001111100000101000111010001110001100110000011100001100000001111000001000111011100001110000000000000111100000000000111110000001000010111011000010001011100000011000100000000110000000111011110010001000100010000000110100001000001111000000111000000100100010111000010000110000100000000000101110001001100000011000001100000100001100100000100010000000100010000000001000110101100001101000001010000010100011000
00010100000011100001110001100001000011010000111100010000000110010001100000010011000111010110111100000100000001010001001100011010000001010001110100000111000001100111000100001111000000110111011100011011000110100000001000001010000111110000011000001110011000010001010000000111000001100001011100000011000101000111010000001000000110100000001000011101000000110000011100000111011000010001001000000100000000100111010000000011000010000000101101100100000000010001110001100101000100110000010000001111000111110001101001101001
00000000000000110001100000010000000110010000001000010100011010000000100000011011000001010001110001110101000101000001010100000101000110110001101001100110000001010000010000010111000001100000001000001011000000100110001100011100000001000001001101111010000001010001011000001010000011100000101101100010000011110001101100010101000110100001001100001100000100000001001000010110000011000110000100001000000000100001110100000011000001000000110000000000000000010000011000010001011101110000010100001100000111100110100000001100
00010101000001100001111100000010000001010000011100001100000001100001100101110010000000000000000000000111000000100001010101101001000111010001100000010101000111100001110001111010000001100000001000000011000111100001011000000110000011000110011100011011000001010001000000010110000010000000101000000001000100000111010000011100000110110000101000010110000100100000111100010111000101000000111100011001011101100001000100011001000011100000101100000111000111010000110000010000000110010001111101100011000101010001101100011101
01100001000110010001111000001101000110010001001100001101000010010001100100010111000111010110111100000101000111110000100000011011000110110110100000001000000111100001110000001011000000100001011000000111011011110001001100000000000111110001010100010101011000010001110000001111000101000000101001100010000110000001000000010000000111110000101000001011000100100000111101110011000011010000000000001111000110010000011000001000011001110001011000001101000000000110100000010100000000100000001000010010000001010000000100001000
01100001000010100000010100001000000000100000000000010000000011000001100000011100000001000110111100011100000000000000100100011100000110010110100000010111000111100001000000011111000001010001011000011110011011110001001000011010000001000001010000001011000101000001100000001011011000010001010000001101000111010001110101111001000011100000111100010001000000000001001100010010000011000110000100000011000100110000010100011000000000100110010100001010000100010001100100010000000100100110101100001110000100010000111100000111
00000000000000100111000100001111000000110000110101111001000001000000110000010000000111110001110100010000011100000001111000000110000110000000011100010100000011100001110001111010000100110001100000000110000000000001000100001010000000000110011100011011000011000001110000010010011000010000100000010111000100000000010100001100000001100000001001111000000111000000100100010111000010000110000100000100000001100000011100011000000010100110010100010010000100010000010000001100000000110110101100010111000101010000010100011001
00001110000111010001000001100001000010010001011100010000000001100000111000011011000101000001101000011011000001000111101000000111000110110000011001100110000011100001100000001111000001000111011100001001000000000000110100011100000010000000010000001110000001000000110100010011000100110111100100010001000111000001000001111001000000110000001000011010000111100001010000010110011000010001010100001000000110110000010000000010000101010000010001100100000001010001110100001100000001000001101000010110000100010000010101101001
00001111000010100000000000010100000010010110001100010100000010010000101000011100000100010000001001110101000100110001010100000111000001110000110100000101000111110001010000001110000000100000010101101010000111000000101000011011011011010000011000011110000010000000100100001111000100100001101000001011011110010000010000010110000111010001000100010111011100010000001100000000000101010110000100001001000110010001100000000010000101010110010100001000000101010000101000001010000001010000111001100011000111100000110100011000
00010100000010100111000100010101000010010000111000001001000001110001111100010011011100000000111000011001000110010000101100011100000101010000010101100110000001010000010000010111000001100000001000001011000000100110001100001100000000100000100100001001000001000001101000010010000001000000110100010111000010110111010000010111000000000000110101111000000100000000001000011010000100010000100000011110000101010001110101101101000101100001000000001101000001110001100100010000000101100000011001100011000111100000011100000111
01100001000010110001111000001101000000110001000100011100000001010110110100000010000111110001110100000111000111110111101000011100000000000110100000001000000011100000000000001111000100100111011100001110000000000000111100000000000111110000001000010111011000010001110000001111000101000000101001100010000100000000010000001010000110100000111001111000000000000001001100011010000100000001010000000100000101110111010000001001000010000000100100001011000001100110100000000001000110000000011100001100000000100110100000011010
00000100000010110111000100000100000001010001011000001010011010000001110000000111000110010001110000000100000001010001101100000100011101000000010100000111000011000001111100011011000110100111011100011001000010100000011101101111000011000000101000011111000101010111100100010101000010000000110101100010000101110001101100010111011011110001001000001101000110000001011100000110000010000000000001101101000001110000000100001100000000100001011100000101000000000110100000001100000001110001100000010110000111010110100000001000
00001100000010100000010101100001000111110000011000011101011010000000100100011101000111000000000000000111000101010111101000000111000000010000010100010111000111100001000000010111011101110001101000000101000010110000101001101111000011000000101000011111000101010111100100001000000001000000100000010111000111000111010000011100000110110000101000010110000100100000111100010111000101000000111100011001011101100000001000000010000010110001000000010100000000000000100100010001000100100000011001100011000001000000110100000100
00010001000000000000001100000000011011000000011100010110000001000000001000000000000101010000001001110101000101010000111000000000000110100000101100001111000011110000010000010100000000110111011100001111000111000001011101101111000111100000001000011110011000010001010000000111000001100001011100000011000101000111010000011101000000000000111100010111000000110000001101110011000100000001010000001100000100110000011000001100000100110110010100010001000000000110100000010011000100100000011100001010000001000110100000000111
00010100000000100000000000010100000011010000111001111001000001010000110000010101000111100000111000011000011100000001111100011101000111010000011000000101000000100001010100001111000110010000001101101010000010110000110000000011000000100001010100011111000011000111100100001011000000000001111000001100000110000001100101111001000000100000110000011100000110000110011000011110000011100000010100000100011101100001010100000000000000100001000101100100000000000000110100001000000001110000010000010001000100010110100000000100
00001110000010110001100001100001000011110000110000010111000110110000100000010001000001000000101000000001000001010000100001101001000100010001110000001111000001010001001000010011000100110000001000000100000110110110001100000011000011000000010100010101000100110001110001100110000011000001011000000110000100000111010000001010000010100000011101111000000000010000100100000001000100110000111001101101000000000001101100000001000100100001010100010000000101010001110000000000000110100110101100000110000001000000000100000111
00000010000001100001010100010100000000100001011101111001000001010000001000010110000110010110111100000100000001010001001100011010000001010001110100000111000001100111000100001111000000110111011100011100000000000000111100011010000111010001001100011011000101010001110000001011011000010001110000010001000011010111010000010111000010100001001000001101000101000110011000000011000011100001001100011111000110010111010000011110000000100000000101100100000000010001110001100101000000100001111101100011000111100000011100000111
01100001000000100001000000000110000000100000001000010100011010000000100100011101000111000000000000000111000101010111101000011001000110110001101000010100000001000111101101110000011111010111110101100000011001010110100101100101011001110110110101110000011010110111001101101100011010110111001101101000011100110111111001110011011001010110100101110010011110110110110001111001011010110110101101100111011111000111111001100111011011010110111101101110011111100110001001101111011111010110000101101001011110100110001001100011
